180618
105441
115668
174782
151721
103177
189064
152023
180595
199890
169873
192011
111657
165531
132026
194684
183675
110696
153197
152397
167171
148853
118370
132045
134261
193612
170379
183815
169090
100324
160769
172847
159131
115981
189935
140552
144026
148556
108583
143388
128121
192496
170084
120525
188469
105444
158063
105935
111481
146629
166043
127546
192216
193779
182839
131764
187071
183622
140520
158108
132797
105248
182932
180271
139120
197025
132880
195675
175595
191473
150657
135119
102112
109808
124275
174674
178768
197844
143575
128816
135549
164443
172333
122461
134280
133223
180631
165351
133141
158171
153481
160403
108035
150475
110590
122873
109563
189813
181404
191443
172564
162387
130340
120008
195971
130924
125433
182407
169504
108164
152995
189226
140047
111703
122559
168354
132914
160471
145990
105897
116394
167528
162534
117423
137992
190254
127083
151637
199218
101402
165111
188954
116439
152131
156252
173162
134102
152325
126489
103356
107789
198223
195847
124977
105175
164254
120356
196331
127915
142236
189958
149092
143823
175507
175048
105035
199853
112917
182015
105717
103840
173796
183188
168102
143053
164041
172786
187915
155451
149397
134251
180589
133981
142633
198107
118171
171680
137556
112247
173738
169897
130752
123721
156982
111443
116019
145131
140932
177082
151216
173308
121185
170310
120772
199516
133993
115035
127745
181924
141134
191467
132441
140880
178518
107984
109369
115110
101190
177400
156877
133354
162296
100669
108277
135819
173088
150074
126206
156658
127033
118910
131854
110832
104234
176088
113065
110278
113208
143116
164114
103136
143935
155631
171113
182270
137456
189871
145203
148997
102074
100908
143940
163531
120204
117861
111012
120516
162032
184953
126428
183918
188828
171087
154890
122224
159613
121608
136645
102429
194919
199090
101901
158073
113286
153741
189419
106664
129555
126007
198363
183216
104870
177209
154583
126125
174969
168322
190627
186372
165076
192549
148245
128255
116688
180195
114307
172847
100741
148889
122656
115847
153226
142774
154078
102984
199007
185867
150245
166463
128442
104347
190960
136025
186589
143211
179047
111618
116504
128765
147254
191290
130981
150272
137353
102369
150844
173645
141385
133090
139434
116572
105923
180666
103350
182515
129990
162096
123131
151599
127117
189102
118076
124164
157930
160728
101588
112220
141666
173476
101147
102688
156343
171975
101634
131366
184866
102953
105420
151708
152139
125361
144482
117155
127029
111869
198423
110294
132675
104073
113221
116951
188487
164905
101647
158152
173213
106817
192342
176624
100781
138624
131979
167908
131943
136745
160228
133948
179032
171983
197649
127036
156675
171423
199459
101756
144620
100921
197135
146060
162305
191294
179544
137592
160254
184196
114201
191438
170327
143482
158152
178048
110610
128795
150926
113515
193381
176573
185211
190283
151641
164475
131262
160691
106424
186185
160275
117064
165445
199891
113531
172292
109682
146281
114319
109487
159079
194387
107653
147746
122544
168790
163621
135550
113831
119600
116425
127879
120496
185943
108375
168046
115709
106851
194419
197829
160032
118853
131168
174069
123920
197136
125992
170436
129950
185860
168366
164329
114476
141439
154435
198993
168919
137465
167739
182850
100854
195712
146860
186823
169759
132395
196568
179501
191515
145485
156582
102830
151862
116489
149455
140226
163219
133584
123826
125407
142798
193184
105599
127970
151234
152096
113403
179057
131508
109381
199127
178244
139111
111568
196975
164319
171993
144344
104309
191525
100568
146490
178920
184465
129278
165536
112466
197986
191984
114209
135774
135335
113638
142331
140052
107669
190112
118889
135588
117662
118991
117511
147993
182134
146357
178337
163718
140293
119514
185135
168233
118874
129274
132300
124839
196307
114263
121134
198692
185698
139629
115417
187073
117298
173607
163791
164605
196780
171516
189306
174207
153103
108756
186646
172533
183057
198497
196786
138107
150940
101817
172173
178472
106848
145976
116899
106060
181338
117492
143745
193405
168977
120196
149890
178032
103574
130438
130694
108526
182565
113731
166938
168776
130208
110927
115129
110118
142627
159766
141782
197810
117477
183027
147751
183880
167456
136945
180224
171322
156707
157731
183267
179287
127771
195900
105229
132906
158865
108614
168959
152619
167802
188259
155541
137208
134878
103396
148264
195920
130846
106781
163432
121571
175709
145934
175928
185950
172444
166010
110576
166629
150213
159371
151819
124834
130464
187650
141005
134307
105698
182222
151253
134013
190807
189163
130007
129217
127486
110543
149001
164060
188681
184303
140476
149926
194298
161695
103577
181836
119971
119279
160462
192855
198037
102330
102405
108430
136440
130706
106744
147228
162390
113956
190222
148624
155527
129419
130764
186546
115927
146711
158464
161901
117008
146516
177948
165909
118895
101893
130536
168768
184072
159168
114336
186418
121760
158398
135975
188476
186757
121576
192777
196779
103799
101773
101669
174725
194081
191852
194398
164879
130931
117031
165909
173260
160815
198560
175846
151521
124382
136495
189535
134547
100170
137975
163155
103222
199619
103804
126863
197129
193443
142287
199789
194350
153933
161684
158102
115234
144846
103222
171828
127042
107494
165656
137836
167041
193258
141076
125603
123200
182551
184454
164094
150261
132040
158230
196608
165823
138618
198446
175105
190277
164988
197269
171436
188644
117241
171559
119326
199130
140457
160612
106674
121159
164667
162492
127052
134513
100138
196113
109963
158543
178200
103663
114577
108988
178192
149527
162309
195703
165076
192279
176616
146399
128117
181551
162054
110225
194220
149192
149800
121699
121749
126472
182742
121939
177779
142935
185594
169548
131177
162094
165684
142504
188483
116561
112076
161325
182691
162447
110451
167713
109250
123622
134054
148178
183995
160274
193041
183116
100438
116827
140293
150946
146313
188263
136794
151728
120921
192638
131209
135257
163933
192761
164526
102981
126594
134111
157916
111555
169474
100728
127533
131773
138740
182086
112449
198126
192418
134563
137943
117504
149893
102478
169109
114350
121801
114737
196191
100219
179767
160348
140404
190053
131237
175194
103780
116488
159096
131072
121583
149884
102358
181486
113641
199710
189293
108519
112206
164227
175814
138667
159309
186357
154694
113704
185363
161455
123651
150176
181179
111857
137919
157696
131787
109126
160324
137480
100535
163545
178305
195960
139030
161345
112979
188059
115146
168407
188837
169399
125056
113282
102531
131964
124405
141100
101038
154047
135358
117533
189830
142325
192836
108920
149892
109726
111964
144661
149698
104514
139386
151812
107983
148660
185921
179853
199637
197963
173377
166635
198557
116956
172617
154252
125119
167897
109326
105955
133291
190687
108087
106276
102121
183002
173715
135980
103123
130109
111453
103253
176094
170485
118709
184322
130013
173243
105298
153870
146043
144552
141463
103075
180669
168723
118976
172874
169707
138584
183800
181994
100400
106009
111370
159010
196427
133109
149690
124981
174945
149940
176729
169527
186510
170124
190540
128072
198247
188295
124239
151875
162599
155455
159911
188739
149224
105012
125607
133397
164026
100841
166273
164539
146308
129458
102852
170085
159114
159698
187895
196903
123552
180316
178924
196102
167822
171935
116565
110545
178183
190903
174626
181411
114344
131925
119394
144944
146097
122631
109786
191415
107501
116293
160955
174104
183667
112190
123218
157051
167271
120455
168957
138548
100400
127335
128322
182283
176530
163809
120916
177288
188446
115061
155214
173122
126214
184861
150194
114383
110063
157907
123987
136483
149911
196480
189401
107259
119360
104820
112435
155632
148716
159513
143274
157727
121946
136077
181011
187009
103602
137111
168414
182288
101714
132497
102968
192440
161078
187833
147890
198806
161995
108835
146987
109363
196468
132473
188637
103919
137933
121062
162922
171710
151374
165284
128572
128932
171787
197486
151176
190136
103849
163185
110780
172952
189493
141699
134768
117414
193511
196961
146181
131527
156930
113629
193636
139881
112526
133910
161259
189472
147440
177091
149075
182539
174188
196704
130914
136430
103925
174035
120652
163591
136656
157754
194956
198810
198054
174035
119870
154768
197705
171222
110407
140972
174881
131395
114779
137745
171647
188691
116406
137877
136227
161704
142695
126757
114109
128241
198764
192789
110784
198338
113489
119476
176308
182589
194870
199176
118672
194826
141826
138491
114040
106490
191767
176218
166683
108103
107658
142792
181924
193169
164782
115233
157629
182775
127364
174952
115058
168199
184700
169813
175271
127080
143983
199366
157733
190931
164663
192292
136524
115603
119072
176820
146865
177914
123836
129736
169937
166476
160073
106006
120583
155971
110864
117615
133555
198255
161846
193533
155224
119918
184117
150473
110126
172013
163220
186959
162506
192400
118484
175752
143440
115365
106268
166320
174096
187961
168368
179714
158939
197628
105015
148581
108125
178693
149230
119299
116215
126368
165810
159477
129084
171129
137067
116606
131485
168599
166694
174851
114694
136876
167229
177536
147992
184321
162566
105217
149703
144543
143519
145593
129887
182132
134594
157596
114902
135535
142347
131433
122782
143920
170743
136138
126590
159007
146667
172310
178298
189661
134835
105497
121267
193516
165019
122062
130399
127478
100589
123803
116127
144012
169596
171671
182849
120216
129590
146952
136535
179471
101704
195950
126251
135261
152068
170774
166132
131090
150946
188984
137653
190255
126919
160042
109708
138021
124326
136370
117112
112531
127197
187424
134946
118543
115305
178770
174323
199071
153289
106373
129417
199715
135775
198826
187956
138884
179245
186006
141447
194245
155929
199308
176532
111605
186149
125871
117093
109554
161963
144827
195890
193219
129839
124003
152274
114280
161004
107707
119955
173298
196450
167061
177801
144573
159567
137938
154480
128092
172085
170824
158776
138319
194922
122867
156602
127888
110891
123340
132393
189433
161676
164768
137108
108462
110482
136197
169875
111771
146552
173676
177880
171537
166050
168148
197794
188868
121507
131958
152037
148211
171391
189001
137469
191139
186050
157570
198296
106972
167401
124385
103388
137663
175313
130521
111622
131681
129952
169339
134090
123369
168063
142709
181539
198408
192943
187238
172268
126774
125072
167734
106381
178933
171303
184182
118042
172675
127299
145969
122411
152911
137900
162902
144369
122167
170288
140217
196223
135529
156526
166112
158915
152168
197868
128667
180147
128682
107461
139061
198195
198812
185302
171522
181900
199667
118003
124455
166360
191131
112479
138947
104382
183982
146927
181178
185469
105160
198339
159372
128119
152725
191014
136739
170247
158959
108818
154213
181064
142635
104035
189360
165213
188237
147774
123599
167609
166378
181002
144702
104163
145833
173857
105092
123050
117579
161730
174933
105240
116689
143198
174986
130342
148089
110942
145469
107797
148563
101275
122940
190848
163789
143390
123724
187095
123118
173733
116145
136208
123328
113569
119090
124158
153636
155208
182285
178868
185922
113689
152667
197229
133885
148973
164374
199436
129048
159017
117123
177295
102304
115802
119046
165103
158061
153853
140373
102443
150132
117996
199931
143846
145584
138724
181912
103120
124107
150828
176705
192881
128656
166601
121874
134873
148607
125711
156963
114816
179016
124287
158046
164100
156609
138850
133904
107525
194522
153987
166096
199783
114834
179842
128735
167925
113758
108821
151644
195160
167060
161253
175329
178220
182312
124242
148638
135702
193927
184172
116495
132350
196890
125557
123427
125844
159950
135830
187236
106734
104819
174386
108597
170119
184732
176922
178046
148814
137865
153949
121115
139785
174066
161803
147755
117762
148958
179826
181788
132366
190212
198202
113598
110350
137491
133745
102893
189277
156414
102890
107975
177927
121585
144910
190340
192674
152656
105209
193487
105389
146196
199823
197836
139977
163056
176710
158283
135086
177801
105665
176886
180123
154041
154869
116521
106617
160788
198247
132627
150986
174029
188769
192400
134975
145974
143187
118199
129156
171462
155081
165105
143749
186338
176399
186170
190389
100365
173620
147293
160781
175461
167806
111476
150749
126004
127851
123886
166715
128388
183722
131885
154409
172581
142500
131359
157427
107422
162861
194003
119869
158510
129127
163624
122719
140559
133136
193784
177642
168699
126132
106252
187167
150953
171846
175525
106223
177293
141650
108970
118122
119301
151484
100767
187739
123196
110696
171168
143837
145039
128743
182966
137504
179616
127424
102270
146333
104181
188756
110190
192868
134066
146244
198016
102256
177470
144717
103455
100734
166975
125136
180133
165772
153890
175880
100567
107026
128360
175884
199523
129862
161968
149947
132602
139955
143166
168748
107551
123529
169575
129191
102041
188536
131460
116102
184056
173057
153467
198510
110269
178478
107241
170433
176862
119902
148609
117194
183613
103736
126856
195243
117973
128296
189233
180327
130899
184119
113641
158060
159090
108722
137166
179926
131158
137784
123094
191597
134312
137788
191824
127510
153559
129849
165615
121044
122620
191535
173085
112700
191346
125972
185134
103814
196672
174331
111218
173745
199302
151132
185202
199936
159416
195406
139420
101546
141311
127315
139274
139077
196808
157012
182881
145824
111911
199346
141684
188123
162681
168188
157707
139364
111034
100941
166714
133118
123587
133351
183253
156827
126565
149349
192294
183179
152585
191888
168093
158152
190429
164068
179732
195305
152260
134007
115891
134334
143090
139309
191903
197325
132647
123095
111063
131113
193425
145838
188902
158475
128692
106302
177959
107960
144061
182447
112512
147459
164717
199702
193239
120023
131253
183532
197693
198612
188456
162401
187103
177027
185049
132380
190028
184277
141448
185928
124180
103470
138285
161180
189754
106747
102986
109618
129459
184126
186108
171772
151243
169813
121495
168432
169616
143387
146070
171879
166072
149114
125401
112451
142657
131023
158734
111874
173425
196312
116274
193682
166511
158133
158267
109041
109173
103536
109947
186492
117037
121635
154072
113567
112503
116683
111158
117290
155532
116617
162763
146640
138206
169569
119856
175065
178069
125834
118523
158731
148012
191111
136192
133147
167852
192426
105261
193109
111546
112453
159258
166080
133440
159578
154841
144437
195041
111834
199947
125974
119864
141444
156342
156808
133549
169634
155475
196941
138277
183201
130972
183339
185013
151216
138479
125926
185442
120925
145714
120076
111421
118049
105743
143078
157358
196683
113199
178628
114727
175418
180023
166235
125886
192548
138866
106567
134768
179383
199598
198218
136951
108319
154831
128344
181480
175918
181066
182224
121098
128915
158994
174116
166119
179870
114552
101815
135700
113263
199449
136866
156434
176847
182214
162858
103177
164737
157453
192464
112349
131912
191157
106058
121327
147495
183125
103102
163217
177399
161598
181440
115616
130975
157529
185811
116424
105907
100115
146016
177996
137051
170866
121504
179934
162732
141784
160104
126105
191973
125166
116743
118465
188601
169874
189186
137757
152935
152788
118623
196744
111450
138597
158301
151665
118009
121249
125458
119318
196402
146434
197269
164622
111437
114468
175297
161045
169652
126124
158595
105711
123021
176996
171244
152232
144854
162975
127014
161100
168342
148054
163489
153119
181491
149271
166545
198453
112564
169839
161925
141482
116325
140786
129703
145538
127896
152120
107028
174133
194577
128140
168105
126810
194193
112912
173723
134453
167353
106069
106811
155034
194234
164358
150975
148348
182944
144150
183131
162165
147922
176844
148480
199813
164199
117112
189386
182235
147293
125705
124335
192733
155946
152881
166523
140201
179948
136678
158925
168578
175547
132092
131100
106495
163028
106891
147247
151967
189810
181354
162594
183746
168989
144862
126210
117732
179660
168291
162611
177080
123525
191488
187160
141648
181733
114077
199087
141353
197834
110773
168399
146265
185224
114552
186618
115830
145744
141984
136785
157308
169864
137419
192424
165938
163111
140589
123744
111084
126671
148790
160541
111657
174067
181845
145053
184059
144931
189452
124762
148950
107803
105894
154132
179037
112955
116328
198521
154437
158244
110379
171988
137675
131505
105303
107216
186106
199063
121221
178536
141143
190333
188003
114681
149043
150231
156741
172198
103379
169499
102558
170898
156292
117222
187834
149504
163969
183286
113387
152982
146782
142068
169306
152840
116291
176802
122866
180151
168764
174629
158946
184996
123710
110915
183619
158617
119800
191213
105089
128805
156213
144129
195141
184938
155685
139481
115696
120453
143670
155798
143246
102820
185676
168238
131754
199074
121026
135162
198390
172241
127365
176590
103434
128750
110552
117562
147188
145377
133602
129216
129703
172756
178197
184582
196769
102652
146926
184367
197154
176810
161106
102413
136480
112965
131382
156126
199320
155471
179160
184544
137590
184637
192822
132847
101439
179623
140695
166391
174385
138122
192292
170319
186850
114454
126095
170489
124622
101093
171469
129101
152148
136659
138008
121580
111134
124952
140109
190469
197367
154426
118242
191717
166216
149058
191626
145065
179934
145349
183142
117145
161957
180535
109981
159031
184517
190787
115562
122026
186869
160892
131503
198226
184001
150059
132396
100931
146629
171241
121713
176487
139513
150226
169023
119959
119879
100575
104102
137792
122828
181030
190555
179273
117951
154323
167143
171612
126677
178976
137063
120347
109389
118082
103599
136474
122923
120016
107715
116156
116661
190694
198435
108692
123636
106655
177632
111731
111512
190022
139152
183942
186684
177770
199198
105839
170337
152230
180274
129677
182915
160784
174253
167653
134178
101365
167097
121430
146626
132548
197035
199863
192859
187945
121130
132133
182594
181862
155636
111296
176691
155412
160099
136655
139824
153120
133663
131618
118884
197759
166137
170693
139741
178037
133241
155877
116440
130782
174514
122271
139557
156201
165104
178964
192986
139288
191082
198738
156640
167065
123245
188475
196593
168978
152986
127502
100684
137597
127829
181057
167701
135478
102546
148867
166410
126342
160121
114821
154704
165252
115692
151811
107348
133365
171738
120490
190308
181134
143669
100535
162037
134925
174978
151819
174514
177662
174099
170763
125051
105738
155192
178843
102953
193456
154569
104079
153654
116237
112553
166643
179167
176261
144033
191388
151372
171433
181126
163228
197239
132495
137194
119550
193928
127293
119019
132776
160500
150727
174353
188748
152243
189358
189769
148965
110059
136849
148858
113892
178795
167659
166835
174071
168580
177025
121368
185776
190891
183590
100446
103080
196535
110870
173523
192556
168544
135642
184914
175660
174436
121793
143578
102927
141884
123805
114400
189809
186492
195068
181328
114523
122575
167234
184433
129580
165660
163123
150969
116902
105925
133243
141884
176909
150280
171272
192212
141373
115834
197213
180420
174417
151934
173198
139455
157001
124080
163907
132187
144775
162625
131559
199284
195822
102262
185923
180504
129301
126436
143943
126895
105421
184672
168011
169734
141192
179909
166669
152647
170611
131592
173026
173974
189278
114647
106910
162588
149377
127778
127432
105499
101752
130935
106194
154277
174365
133959
146061
174647
164356
190767
162911
114936
171891
170317
174999
189744
183922
103463
198263
177091
157411
111260
161575
113182
189598
157584
110005
181175
195351
123335
131127
101522
199003
138443
125143
174485
178478
113734
195369
107232
133847
192021
188290
179843
168681
158089
102083
118961
139648
117166
178665
145914
129515
150340
148087
190492
169360
193011
164678
116781
123954
164886
179296
141021
159640
161388
115932
133447
145174
100513
111266
170187
108094
191030
143244
165390
122969
181732
144501
131509
155500
191044
141526
178185
144670
185213
172007
148663
190356
134651
105125
185466
149056
178587
183278
168961
112724
147269
120203
107292
142156
168636
173786
139134
105899
108477
137820
138485
107096
182697
167522
187627
148510
133168
161280
132909
123359
101111
196351
174426
189381
167269
143091
110523
195388
125799
121131
129506
107751
174282
152665
175700
161528
137208
189352
186864
117257
102392
172285
136192
147393
133522
141567
107658
167128
117497
136955
115887
117306
150368
145601
111613
150918
145776
117911
174887
125545
163263
143746
180100
187346
108313
130733
132813
130031
191822
126099
111302
143816
174416
115652
120967
128826
160158
127033
155859
125702
135432
143394
177890
188844
105243
112199
157383
128681
141052
124781
115751
119296
114465
161319
153994
158645
192184
148846
139079
102788
108753
177627
175306
191398
125653
172071
142890
134716
124634
182786
190760
118743
162052
149184
190112
119868
165855
191256
182102
196114
173350
104132
188978
167041
110347
192005
129351
113097
161658
162321
136641
111311
187953
153070
116949
157805
168088
186491
163191
133172
169308
122666
104046
158266
134021
197008
157244
165280
171206
134125
192789
100928
166743
142965
129438
104621
188648
108264
181051
133647
142720
129793
173058
162312
146145
179448
130789
108981
132235
132307
151780
179364
128064
148930
126805
150683
100085
130712
133019
113339
134760
164070
141890
127532
169531
135712
144568
144988
123631
112328
169157
159823
105440
129543
190451
139515
149608
141733
112120
154572
166218
148262
133045
138899
182345
113425
172864
117812
116160
178755
104535
157935
175245
167712
198886
178649
187903
145525
192781
110432
134879
185801
185350
119907
163150
191956
173923
198521
158478
187289
101074
158351
118592
178447
147120
186498
131025
102991
145187
156105
162848
126755
128827
144875
107792
111221
184578
137728
130657
111802
151612
104082
148952
101687
119692
180417
162912
113137
175749
190388
139502
174342
159333
128870
177680
146183
139343
196798
120591
112388
147623
184911
100338
136675
147584
108124
156973
140474
112114
151928
107377
136195
167863
146676
135677
196992
109399
116904
158754
166703
123586
117887
127241
154798
116603
188505
167421
199957
167195
161609
171878
187780
117136
118269
164178
166700
103744
112277
154103
111568
123443
122437
101022
123820
183010
103307
106478
112657
193193
180688
136784
122439
138043
153888
188802
129735
157670
145539
120071
159078
140702
157016
173279
150505
180049
119597
119058
149594
182497
168976
193247
197121
162800
147185
143259
101148
116865
103420
171788
113296
182026
154764
106764
186507
124825
149439
149736
163248
129466
134442
109030
158205
192205
195024
170865
166427
149158
150517
143771
163413
184248
156883
130159
124216
187441
139662
159638
190858
110628
187653
112870
154249
173751
106775
177052
185938
150251
186772
125680
130610
169860
155810
120127
148055
159946
135041
104916
167775
176319
176832
151990
166347
159649
108374
129048
125142
124604
182547
199066
185162
189800
158878
152619
141813
121571
154781
184454
185430
117972
184927
116175
162386
124836
113160
193552
128437
136756
182104
164270
152399
134745
191862
114538
133795
135662
146522
194599
165376
177727
151909
161334
167704
187706
140517
140809
110982
103190
178314
126483
105165
150587
119486
149803
191392
160657
189604
141511
146489
114822
100610
188386
142499
118277
146666
150416
197938
144339
118823
106150
175049
160181
119077
107702
166063
123593
148471
174679
184319
172350
182569
125247
158441
155621
159104
101811
115259
142059
123146
173138
146058
105011
148110
150554
177117
163522
118834
149426
141039
190100
142871
166643
184366
172163
151434
144983
131510
111783
183739
167799
112185
114924
157192
174138
132252
175363
129944
186878
159172
144855
135157
155878
121193
145685
160092
170037
112071
168523
130585
102540
104758
199045
133640
194218
129479
115926
140880
186278
104186
114121
170301
103475
158319
155347
160953
131133
147819
173972
118301
101754
133577
131955
190253
196183
154943
186993
145449
138681
112071
181396
132911
162986
181198
181198
163040
113140
181283
162973
144659
116325
134482
143666
182691
145051
174553
131681
197558
165845
184732
128958
122217
138099
150221
128831
168963
172803
108791
137456
139274
142486
170476
102198
174207
122789
181209
107314
122277
177121
192307
147812
149849
184845
129313
101975
167271
189911
149264
145202
121629
123262
189434
179603
153949
183112
159179
194812
112764
152366
112235
190237
104348
143826
123699
102172
145848
132283
169459
159901
163841
167239
109403
120437
173538
136919
179108
137372
108786
148246
161559
179052
123538
163589
115826
116011
153051
190872
148249
191094
163610
186397
194549
169910
164885
102070
143464
106022
161146
127140
156126
134987
120451
189362
181360
154390
113858
168996
106065
117030
104003
121807
186026
164518
190806
133183
166698
140759
128000
107687
149120
154976
184034
178364
196290
177444
172689
139493
155552
171468
193455
173086
176226
181645
192119
126572
158600
134176
182228
161436
102152
184055
184807
131219
187091
141803
100370
130030
179103
131701
135371
102704
178022
153458
178019
101150
150952
142086
193071
103916
181701
174365
113444
134596
123574
130917
145580
104380
172399
164234
174583
132522
158530
166563
105534
165065
170168
152815
191273
154486
177074
142658
160389
123850
136096
190750
195063
122767
103626
190968
175619
116513
141104
178312
179734
127786
170611
150210
107644
156174
196222
195989
157631
114869
157118
102849
144174
111458
147923
112954
130982
198137
150813
138584
126842
139042
113976
189593
198499
132824
135854
122813
100754
181430
188614
158069
191418
180217
186829
177748
194454
119957
145170
135099
158264
181084
185027
145520
166731
133247
146575
183604
174844
190671
159986
177482
165699
102519
151470
140692
113810
181017
151710
174820
120320
173409
195234
176200
126254
199049
111430
163957
124629
170175
118499
111024
152966
115714
180320
145757
154015
168456
122862
165252
186248
152249
147968
110082
121444
111132
192369
188899
128746
146136
163937
113437
168246
170350
114778
184854
185849
108826
119265
167682
121816
182617
158974
104669
172172
148962
124515
149985
122198
105713
186676
145353
158154
186458
188571
168070
125441
185151
154756
115121
106679
122531
135210
178493
106237
105062
142777
182616
100935
195466
159907
145188
149190
155179
143435
103630
193275
143298
137910
172482
186617
142384
166700
123033
159459
118583
155282
181788
181778
146708
159412
100697
154070
104144
161003
199284
147407
180481
198432
167109
106184
141898
149049
126731
145805
141488
196163
102975
143023
184941
174795
182142
147241
182274
128503
164294
155830
112176
119033
187653
149780
160989
100838
154227
136053
159209
191117
145046
194176
144150
156223
112793
144866
170801
166297
144719
193335
139969
177228
117971
122420
152307
138764
196837
171912
177270
153456
171796
175640
196708
143454
135230
161448
110778
117328
145195
141059
194821
190678
186595
150370
151116
108798
198872
128717
162001
137275
176439
115976
183784
170959
115861
134948
101061
165232
197473
122224
104001
182314
158783
105752
119321
169405
197468
100696
120993
151345
134088
153472
121102
103659
198513
149291
190632
167600
171303
143508
139892
168119
109911
139994
177017
155819
191856
125749
127592
100281
160386
145545
119855
122970
137058
112507
131894
180842
131048
181710
111330
198176
107724
110656
103187
122967
194874
180124
172445
166570
144315
133461
193929
153964
182332
135881
172403
118788
128735
163502
177549
171718
173103
120711
190959
188542
133616
198131
166601
186006
117396
109790
136552
189592
132177
141715
160395
199254
136806
154049
160944
111732
153303
161022
155966
126925
151616
165890
140638
101176
140103
113105
152106
167546
104161
139611
125072
187013
119696
114644
189350
196742
113522
186438
149174
134525
196909
104336
121786
140616
175486
173148
181982
174685
102557
165816
118415
112081
164745
164034
136926
167726
157493
165425
145903
104290
157683
169005
185431
192566
116643
173382
179557
122161
164699
164202
198210
166864
111848
121440
130016
147280
144103
100021
125689
166954
131123
177420
164989
138344
121196
112990
122267
155662
177718
121624
139248
148097
140535
144883
176842
127903
118905
129220
123972
102104
193591
159820
109986
138354
167606
151550
100233
143304
134018
189646
123622
157472
139735
178948
173166
180262
104015
147086
171369
103652
151114
123894
144443
143075
124953
150112
126328
166964
144598
102112
128375
114883
176048
123585
173363
171303
167434
126634
170738
169646
112757
178963
121644
188072
198001
181776
108361
161587
171717
196579
123888
171818
157851
120320
150990
169696
115376
166911
113401
117494
125221
133269
198705
131905
161271
108739
181423
116150
105585
101862
112827
177380
176348
101723
190895
172150
102250
156371
145073
143176
141750
164741
195246
148018
178224
156556
157032
155728
172594
103666
155926
100523
113233
153244
144425
179488
180258
189739
126801
189262
100353
192211
156001
169854
183751
146507
195470
156127
129424
178840
167446
159005
121837
170225
175743
160479
138022
150686
153681
104714
151707
125694
143555
101918
145936
112304
164147
123104
157298
111407
191892
112510
129570
155811
142823
149539
108739
125391
164266
131717
161085
100904
126303
193754
136220
196921
178685
143007
177500
183945
141465
129571
136057
122086
137554
174658
148656
154083
123918
171447
182359
172366
198829
118017
186948
154935
129435
166025
127402
126203
151739
112630
186419
121964
143628
150803
199391
149800
165697
149014
133619
121139
145603
173352
169941
162320
176453
107483
118257
168164
100883
154656
101473
192819
149357
188719
102074
108285
106806
181285
167485
112659
115605
151297
132205
128834
143151
114093
178457
186751
175267
198855
188385
174903
137828
161219
126763
125476
148075
124627
178482
121951
147768
159237
125320
197083
111157
193600
172606
154909
148728
191105
142994
184412
181529
120959
105534
194305
141147
141107
119168
162360
129026
131505
192897
102027
166270
126569
154991
188138
161956
176598
160210
182179
102803
145533
164891
156368
125976
135122
117677
149551
141486
123547
138023
184161
155861
103973
193374
116869
155685
132457
184329
106968
105458
116121
192925
116263
166340
123293
130812
184587
138608
184468
192953
172129
130895
160815
181608
135995
156068
149165
168329
106024
123429
169617
120873
105478
193482
108736
146166
162296
133195
138122
132452
129498
192268
153241
176720
186681
152608
148627
190028
102683
104309
133089
110942
157017
130594
165893
153266
195046
122364
157378
160801
106519
164127
178304
183538
135841
195248
187446
122781
157603
177127
168516
151392
100486
152016
163454
179861
177653
184094
194927
183387
107440
159137
165646
101715
190340
158674
163855
174884
127588
155470
151119
139932
175816
177321
125932
165371
113963
169702
140878
191432
165161
125846
132424
125555
135793
181696
110455
105001
167139
186031
175612
110951
127437
173990
153360
147382
198481
176589
193198
177166
131392
112562
195192
102133
126007
128583
175575
123165
126083
198083
165897
107950
143216
103494
118225
181593
126713
140090
165921
108643
148219
158854
107744
141556
179857
140168
112495
101826
123960
178550
166889
137373
176504
163712
160040
152599
130654
130290
199548
107209
106121
187290
178918
169056
120133
167661
167735
123942
155764
171767
120668
158390
110667
184555
128947
172538
104817
153635
122276
185839
116088
173749
199205
147532
131193
128524
131446
179503
143454
165626
150939
196422
140542
158712
102522
160928
179935
138688
121422
112196
172432
188552
146061
152193
157882
108499
126706
191949
134764
187501
147782
177018
108014
113708
191120
132371
188085
131386
137862
191609
136214
188231
180488
190138
120827
124245
117848
151955
182033
168018
192603
166129
132212
110079
113406
127536
127687
147011
189650
122694
101817
139497
144739
155952
117843
173921
188408
126833
167591
170150
172843
148548
100825
129812
175981
184201
108064
155922
131365
133636
190650
174750
109916
166746
194898
181652
144805
197934
100302
163584
104684
141073
141736
115168
189792
196717
143492
124536
172294
146906
135837
191014
184363
111883
195175
144054
165304
102400
134097
129204
119472
171765
115646
156013
132043
127066
129581
177992
161053
136191
129116
190473
126531
104007
165465
131770
106812
185656
140020
179264
140709
183528
183627
184459
197799
199636
190387
198032
171571
150844
116348
142405
163837
171097
144112
132918
125426
185722
183124
162725
167135
165499
163482
136103
117790
145363
164483
180356
146417
163404
137241
179647
162379
154832
188495
135944
188137
131187
158214
132407
136679
131548
106421
110209
119842
186710
126636
155433
159895
132547
106343
121090
102531
177295
112129
175210
120045
147524
166668
152435
135152
110031
151615
108166
113602
136700
180025
109004
182602
108167
144781
194239
127507
150717
126045
135587
159077
153272
116261
131079
118726
109050
120460
113869
157061
116151
177115
185083
142703
113284
115898
140613
164518
105779
197254
126647
179932
198255
196607
183141
106684
117632
172830
151727
187765
112103
193582
151814
151249
176541
116133
166773
131263
135589
133709
126102
189570
137745
151104
197450
159584
194942
166301
169318
192269
104167
129720
121728
153462
199398
155654
160821
156664
133119
124394
101094
136219
168733
126104
144958
122568
125301
133833
166161
197151
149124
109350
128929
172070
171152
137077
142186
147151
199156
123556
111742
151330
103512
159457
183598
182382
171854
198351
151851
120887
155311
110108
198143
111194
132614
189882
120837
111641
106146
174881
134283
161108
100139
172167
143144
194817
100791
149658
182310
162320
113467
113670
157507
109562
112651
149763
132707
109275
142506
162575
150714
126950
181982
145274
141839
139016
111206
117735
139455
181270
116240
130545
141004
124275
189273
150634
151191
131344
116313
188780
181591
122196
116041
189530
107419
141640
152600
188581
198542
182850
157174
111561
169135
143570
124167
107332
179126
154865
130327
104128
183611
183055
110202
101039
146080
182922
172665
133232
120288
162017
198572
101362
192962
153725
180983
128518
110908
192451
137854
100199
186415
122624
119192
156605
124095
104678
161409
197434
100108
181940
171508
196326
101017
112184
105169
198535
111993
115001
143449
124497
168974
119367
168293
136525
184278
155811
118598
115410
162586
195648
196424
186674
117010
130128
117712
160986
163863
153597
176943
141402
121512
175231
133124
138347
190508
102245
100345
180777
148555
182448
116524
195907
149001
113356
131224
167047
154331
182666
172326
168284
186080
145999
134847
104459
185516
184834
179315
170889
194472
144183
134672
158396
138057
102047
102985
193743
186243
129945
146016
182032
155466
137820
166854
180138
179123
100516
137672
103653
198903
150664
106654
181196
181270
108659
155322
175513
140384
128664
152830
105674
122929
129455
186305
104372
147775
158128
157850
146954
110371
137480
180804
124386
136650
190294
112818
148259
179145
154708
125336
185000
147161
175662
171986
143807
137529
153475
177125
129397
146725
127471
153359
157579
177114
140342
159102
126010
151514
162481
132362
120995
142666
190718
193281
161422
169860
182267
144546
190976
195841
107062
196368
185675
103328
167830
158513
147267
157469
142498
166843
194300
181002
128452
100228
182899
184121
123225
147271
196307
131191
186807
196744
116663
122345
104340
142333
156443
182380
110563
173946
155261
108928
186149
133556
139663
131103
167683
154250
109283
181828
111835
168541
109016
195638
138062
139993
114214
190489
110381
177301
146635
134996
148238
159785
109034
110317
179704
163329
198987
125496
102070
164886
146906
168551
111582
185371
194852
194895
160565
151796
116437
168974
137987
114478
119355
118265
187728
121024
184283
164347
128119
165953
171998
133262
127311
120265
160690
126364
124521
129345
151399
104354
155262
183787
179758
146948
121635
140465
184056
152690
145140
119318
129923
158585
160863
177660
197008
133759
140429
190769
122589
158679
179045
134640
197377
136116
192888
113644
141240
191317
124681
168488
170374
131220
100397
112083
113712
154200
134720
172407
196629
147263
136968
131592
119207
108801
136030
113413
172398
149650
123256
126930
185934
133752
106756
192719
125308
120622
186409
143642
154060
107991
199224
192739
128009
176651
148944
198703
158188
148780
163948
142807
199039
168022
194139
175326
121711
147453
115432
188576
100086
179475
141245
191589
168060
197750
182554
136621
124463
107678
186774
193090
167790
191077
118346
188638
148038
144229
103582
142555
159856
137326
155224
123618
185702
180449
127891
117911
139613
131430
171008
177855
105189
197833
143556
174585
166746
107635
124678
130259
194097
112322
174239
150510
162006
170858
175016
107962
149675
105500
127287
177481
143870
172876
128719
162759
124250
117627
105886
187610
169859
164642
197008
193033
136669
108918
187901
169957
147521
143761
121892
140402
119550
173323
148458
147534
163086
104714
161611
114844
105432
119928
168235
134112
104142
193526
133985
132312
169114
180796
150334
149118
101748
137068
160399
129454
115314
181205
113840
153087
182957
105059
160441
105914
183608
186885
157930
170546
124418
181185
199672
119536
156015
191042
182178
149930
196406
162895
188891
143143
174933
155588
100843
166724
193427
172773
138653
182482
112924
119003
132220
181881
190873
108524
131887
100373
159487
162321
150504
117257
135595
163438
107893
187929
181123
130798
193103
110706
154889
110468
133048
152418
192313
170696
178154
127368
104216
193716
112486
110834
148231
175447
157622
105414
148964
117791
128662
147491
159155
181804
190443
134084
112391
171634
107547
111494
147695
112914
185600
162629
179670
127947
127592
102455
185955
179801
189567
120176
130370
104519
196157
165770
149834
139669
169025
160147
105816
102479
138964
163332
102135
145611
151551
173084
120025
198963
140026
120679
163149
166659
179673
191302
108116
149857
131163
120284
147855
155167
119459
169162
128224
108485
117120
154636
185647
124672
184249
172722
102608
147399
105678
145215
173949
122268
160493
134058
176396
154507
182429
186991
139775
168887
157027
163710
124845
104855
157654
199977
108505
148741
112292
150649
183019
169801
135107
193649
128491
196914
187437
195353
114714
167303
118070
115749
160981
134457
117352
185847
189363
197105
143887
193347
172737
132468
129387
159336
151458
153410
129790
180792
167017
184272
164217
153867
135107
155028
162196
104148
187160
166844
105567
179481
167070
187075
172277
172471
150817
141277
102729
190388
187502
171807
110613
111400
104853
118945
177911
150551
140414
175771
142191
175080
167124
106644
128336
130441
103086
164203
180642
105952
172261
113203
198686
122519
191537
164406
126276
185662
160191
156915
108519
110180
150680
139401
193289
195209
173659
152816
149013
116161
177117
111644
163734
111389
124652
130486
112356
160426
158738
141835
169384
186613
160635
196777
118127
174299
173120
188093
119863
140447
192669
192249
190360
183498
167251
132010
124400
127722
113354
133126
156782
150269
115190
164481
128834
160616
149469
187297
197867
161050
152049
165849
126923
118355
187530
121905
149545
153903
121274
118990
122088
185565
132953
108565
123492
184868
121284
180235
144137
192641
106086
184634
147072
125611
185052
119115
171423
196154
167942
157510
124829
185823
190225
158812
188398
126819
165325
172004
195968
145346
182465
170497
106448
194363
111038
171216
117316
106624
140988
143966
139332
169234
143159
105225
154963
167415
118777
101311
133302
168415
150481
153390
185960
163763
194160
136265
195339
174140
120167
196672
119542
149279
184267
198791
110175
135589
178185
152708
114573
113836
101798
164799
155165
123976
118178
155595
142664
185000
103849
120983
108042
164014
138701
127552
194864
129075
184536
142684
100202
174772
175876
143175
186456
144316
124423
190052
184966
144368
195049
119374
189229
166068
186737
119466
166616
185682
198225
161984
145584
138565
193601
110339
170291
199184
188629
155528
110577
156714
103926
181100
151053
135501
152506
139801
137959
158623
178342
110848
199552
128126
170628
198295
189950
184474
131753
141974
177276
119235
160936
109182
130849
122551
197100
161637
181171
165536
172883
187272
155687
168895
179474
128252
140442
113949
168321
153728
113562
146936
181506
107993
107340
187376
162432
117458
167936
195305
120389
185817
167430
146655
178251
191341
195778
194743
150250
128501
138401
190868
158629
172423
185740
191069
155161
130657
148651
142376
157853
176001
116153
178025
128412
130340
137729
152943
101842
143472
160119
179641
193700
185866
145147
187066
119841
109031
190643
188132
132474
145698
163698
139819
115327
122693
188307
109083
122253
116270
132215
131774
168807
125560
137451
144387
169664
189404
118243
147911
153612
142834
192901
106778
168381
158759
197167
172762
127275
198673
171227
146130
140013
160518
109901
112155
112302
176333
162698
105718
142032
128646
130690
185571
111257
128344
110834
168140
148414
100759
117402
130436
190788
142732
134520
189639
152796
156920
171437
156567
125525
115544
181807
123579
145042
186085
191761
108288
115658
125296
132085
193330
126706
112524
105878
124966
112144
107330
195520
140037
147925
129027
124347
126515
181271
140791
155341
197280
125998
120262
159358
155382
104895
106131
180192
126488
146838
107110
140529
125172
136582
102545
152482
123118
168674
124071
103730
178263
136854
109554
177494
145466
161399
131400
108642
196498
191196
155292
142307
104251
130743
194480
182290
195395
165938
176702
188434
120575
132332
179389
178127
105033
166800
170347
103454
145379
176544
101229
157840
157199
137060
177078
160426
116443
142767
113891
193982
173495
197489
183694
135291
191546
164803
136277
194429
142102
120255
157086
157179
191972
135636
183155
145931
157464
131426
172460
178665
191052
127946
163262
119953
189966
197451
185107
167190
153664
134054
165846
152628
152046
182719
114939
123086
148637
144098
186581
140230
130522
175918
161352
125124
119458
144049
165868
121563
153905
131147
102962
185017
170306
135225
102930
145548
134226
163740
145324
194094
179695
169086
140764
108047
154408
104458
105133
109252
120696
160069
197293
113366
144845
132230
148142
115133
166593
138138
100495
145916
131582
163544
113285
122517
131092
180829
182321
116820
179789
169391
188859
184897
198773
192486
160534
161435
135154
153304
170715
115000
138916
156616
100866
193835
133854
189596
140171
138076
187082
187797
178954
196087
163245
199407
162512
116151
155801
118247
176955
173579
122136
188312
129463
151305
171209
112395
114592
152359
171695
186706
179978
113289
167423
185494
107000
174966
162677
119450
188662
141496
140657
144245
129737
191991
190436
192772
121652
199365
129974
144383
105634
116906
176349
197135
192863
150603
127152
149560
122625
121459
175003
187812
166380
100376
107818
165665
128664
177750
192407
187545
153473
136350
129584
135459
132922
177891
158574
137471
160869
178437
190743
115227
122384
127312
181072
163072
136940
170287
192631
156396
147813
113116
196824
167203
166492
152844
177865
129361
184173
124770
164108
143901
106958
142428
190909
169284
187322
140890
164213
114972
192029
189681
188691
144188
130715
159776
165427
139067
119303
144746
128725
158376
185119
136011
139731
140356
139526
162381
168966
180077
100025
129213
153297
136098
114329
146841
108268
179955
136403
111788
175750
196049
106074
177658
164367
158131
124425
152636
136487
106716
187416
138797
110057
139427
196045
105731
158782
170946
102697
150552
129757
124940
171923
184135
114947
162815
136384
152593
129858
183874
151507
185472
102664
107515
168996
132675
152301
107461
171643
181599
115931
186889
125893
162249
192661
161227
119155
113870
140053
108597
188058
137322
177258
185850
182030
150809
124126
121939
162711
101551
121747
171832
122777
152613
155209
101944
136133
102542
170430
163369
153430
151321
199302
121097
134621
142868
199046
109674
191474
153719
143660
122513
112539
121261
195815
114185
108213
116813
125485
118186
108549
130361
144749
170092
159851
144099
164112
173280
107040
190716
125094
116613
143439
176683
155166
136737
138019
156161
151228
139162
151762
114451
130465
108992
157891
199234
159292
101516
156797
141023
193731
119320
177056
152244
154820
123069
106571
129210
161245
190522
178755
125766
102633
100757
128624
127046
179074
135856
166094
159078
176166
152052
165584
186323
166424
194097
199896
135757
112201
160617
184806
162595
116482
166016
196985
105774
139556
191195
121863
132097
130165
108808
194915
160706
160406
125995
111818
129707
180367
130844
120160
123436
135421
197719
164857
141678
153735
190733
185819
160722
123172
170813
117009
100628
105715
116160
109283
136616
103772
122850
187490
187878
113993
133996
128912
167357
157136
104878
125917
140428
182279
170188
155390
181356
140457
161370
127173
118763
101159
155306
152038
148823
105375
161140
108925
159352
191799
194287
154990
144245
116711
175201
125935
157516
143354
132281
109442
101425
168807
197500
184542
148856
164816
145391
178443
152983
115422
135652
160170
144345
188986
190520
135457
148465
170811
138666
182502
152853
125071
169560
175558
162848
149887
181671
123716
107077
144253
197874
138002
108175
151927
125748
149956
103659
170764
103182
184007
159984
182696
155941
143929
156146
134117
110644
155259
126191
139744
177469
186704
104687
149778
156589
176353
199246
121941
121693
198968
183144
121674
171366
108729
117547
197650
151994
192418
163238
140564
131797
177701
167629
154659
122518
170156
169129
125630
119411
128731
139243
126412
197525
167332
166784
111170
133314
158397
195337
149394
150709
181717
149070
104213
100862
138310
111329
147211
126382
158496
182122
118226
192020
185626
107946
199767
119074
150028
127260
186433
107224
173616
102529
192961
159725
156732
124148
104034
141945
106377
164335
193597
197080
113843
189855
150080
128631
163416
153797
184207
158826
121917
199247
160915
146609
121016
134391
111899
159385
167016
192096
183286
131137
108904
142170
177092
179187
156108
144487
144129
114161
107295
105266
120005
194160
188525
121145
178177
195771
157866
171136
155658
196230
143052
127606
185306
174368
141613
146352
138708
122341
112249
144648
174928
114280
181048
162459
188176
171673
112762
170893
172522
118928
109667
170046
151531
116651
179242
166755
158084
199871
156213
116128
101519
195880
136437
187055
188085
181297
156864
102723
137573
109756
105779
121787
101911
162647
130337
105724
113111
126065
132968
106504
183008
186973
198613
136729
186563
173005
176075
168654
195126
174858
188268
138837
166127
196121
143129
179048
177842
193992
174374
106879
114808
110039
133319
162766
113149
187879
168134
188884
186313
173518
153643
132018
166902
149709
133119
114546
197267
199708
100492
115079
105222
188209
107597
162715
121487
166942
155660
105790
119517
151289
127881
119119
151690
126089
191695
172968
153653
135846
123580
198683
104871
187191
182340
121607
121215
156249
171934
116417
163001
128582
181781
178134
193500
159295
101656
126599
102441
170604
141278
146207
132219
162344
169366
135024
145636
134524
180328
140813
158014
160150
160892
161420
176127
101809
110207
118030
105868
185989
141499
165238
195007
139242
142788
190935
169507
149746
125619
192394
124432
165095
170527
183049
194567
177373
166463
142526
117825
147315
175970
186690
175920
131120
158403
102850
167690
120360
102006
191690
149087
183625
120730
116451
129104
176040
151199
192977
119556
178431
165517
195890
108905
187933
116381
192918
189623
177843
166853
198754
135345
167680
100205
158552
110019
154808
189317
163887
180838
139937
123244
149147
147739
133928
143306
140806
144365
154075
153944
118527
126174
173485
122970
139394
181798
180080
177785
187987
114739
165484
113227
189846
153506
103252
156344
181407
183420
162178
106432
174295
186722
187311
112138
179618
155186
116370
148150
174977
144626
175574
148553
135548
123898
148326
172580
161860
144710
160811
176753
129938
177023
101330
149147
115354
126710
133398
195640
144487
177583
161899
157386
182186
147642
179648
131805
138862
161346
143351
184207
165428
131930
102808
143361
139165
116930
177678
165947
105180
130672
194484
136697
122608
185424
176494
197272
185391
138164
196784
152908
121787
120729
103663
197393
182726
118187
166366
187905
144250
116521
133717
100513
101358
176603
111325
198007
174214
157969
109982
198423
149031
167450
190459
113814
183098
125202
134778
196762
171148
182376
146413
100698
164562
190443
162419
144698
128267
105414
160634
120977
150563
189773
121697
188659
196954
193971
135338
146004
174099
178486
123058
127422
128181
198360
103877
154337
130270
189848
114295
157523
183409
169604
116757
161874
170107
133019
135951
110915
114183
166626
169740
168799
197334
189005
147859
159257
145752
101799
116860
189127
189864
188773
122663
192662
159317
118991
172516
166201
186565
108082
114428
138419
191119
103110
137567
180959
173016
159823
118552
163935
158020
124423
131820
107472
108745
154258
130087
139176
150500
144619
108585
128470
172988
125168
167659
194635
146940
124095
102556
151116
160503
169749
124349
106101
152197
131321
177680
194223
151437
166900
186241
185928
183247
152924
131106
165440
156953
115190
183916
105059
188903
133339
115700
141946
199496
185958
165430
165950
135451
142931
134018
148921
157267
167435
103432
188270
100074
125718
155274
177423
176578
135863
187738
183600
158377
122656
145222
120063
194061
102219
137682
131749
140178
197497
162213
127163
154048
182402
106604
166239
165890
111729
158772
108506
132881
137320
128661
115812
149492
142836
165366
131234
159916
106492
128481
153039
145601
132100
183569
176840
140735
145367
171889
133232
105249
102268
108742
159770
105222
176269
134221
117671
119113
189035
111533
164848
177091
179232
150718
121057
193995
129410
170570
151225
136852
106447
171833
133686
169015
109173
181561
121948
198833
129764
125504
120523
139840
125540
103257
130612
128577
168890
110589
173223
108614
147694
112120
170881
194959
163632
175948
166368
181381
162511
182845
111324
174796
120664
196379
198801
130435
175056
190754
196048
194707
112273
118838
189349
163530
191009
125008
151550
175975
120105
192479
125104
118821
197347
142610
189157
194327
100952
138726
105383
133225
115193
140566
136321
146919
114179
145727
119175
129160
104455
100177
153521
178136
114540
178515
196341
128856
122771
107350
103949
138624
124397
190392
161276
170031
157740
192503
177448
178053
107221
104474
129482
136329
185371
162823
179513
171707
182516
142430
149350
145282
105832
122389
171519
119927
138958
146968
104280
118831
146269
160301
171555
193601
134777
166759
108828
124800
179289
166289
189178
121676
168278
141122
121939
199981
170695
117191
192765
151717
199002
124633
146339
180340
158000
158667
132792
102007
118872
141348
131073
110771
188223
158617
131784
146920
132918
135880
101552
118612
153995
154713
192417
116226
153251
127674
177003
164710
100450
171538
149232
121766
154203
152563
119829
121635
113961
191215
135601
176109
133966
106820
105927
137941
135216
178406
133453
109661
109337
175018
167063
134814
115639
174153
197721
144288
132216
130113
127089
130325
181664
168081
101556
147334
192115
109306
156568
135659
138787
110149
132958
141703
100279
125443
184645
147174
148785
154475
181010
174844
194221
167342
155372
125431
104474
114418
106127
180050
154841
175540
189418
183848
164125
105275
194445
165884
105264
158592
145825
125910
121838
197793
170873
199188
142060
125360
134534
190196
189508
150547
195503
177740
149102
152244
136104
114321
112709
176125
142859
177697
103179
176518
180818
163246
120730
149110
177577
195003
130998
118760
141910
190192
108650
155100
153006
196427
196468
156184
183371
179114
179883
115930
190542
104293
180037
111677
134745
111881
169171
180123
153175
129139
115733
168128
122731
145319
116974
107626
178457
192949
147782
139531
159198
170747
108636
105310
169090
194002
199238
139677
117852
156524
192753
163745
197813
187248
185976
176524
183209
109053
114364
165696
125832
150874
165584
112771
174459
140522
132369
107686
179452
188842
177727
190422
131331
140352
156732
119794
195657
174727
142587
140742
112642
129493
162270
196651
136385
151987
170315
135482
159343
140450
124417
169404
178585
182086
113699
108323
105163
195865
130850
128568
161633
191551
160224
129010
178797
102331
132413
157461
130515
166182
180867
108481
166465
173621
153053
196338
188604
168932
176385
122471
170206
196886
148343
139002
164424
108323
111837
149245
126652
148409
114630
199791
143876
114018
179109
121091
169269
133259
117854
134054
119574
112853
104967
193160
159583
115936
102938
104963
129033
117361
119718
136230
119479
108378
158361
164747
143207
121222
164586
170473
190494
183168
130808
182106
151551
181075
164604
152447
194512
131961
127068
155344
151078
142331
102896
157352
191918
155182
179418
148488
105384
106873
120211
109291
128690
178399
180311
135497
155657
114361
177883
148046
168673
147380
143560
136406
182045
122861
141609
178507
151331
150491
110450
197071
190292
164373
185152
177148
105482
101008
172828
188025
141803
116097
165089
183620
162956
121517
153415
173151
100763
129106
196789
180150
154078
179021
186671
103697
198771
166490
175307
169057
113573
100911
197157
154893
196422
123140
118998
164316
193246
103163
130015
154648
141532
189858
106243
152576
182291
159939
173450
160528
169445
168457
177743
122224
153701
130300
142993
111270
177702
181455
178377
138991
125701
103771
174451
140892
118940
110195
187197
139816
102518
189099
179905
197600
199091
142141
138617
164219
172778
134095
121406
138831
193040
114779
199611
145116
123168
174933
101192
166122
180146
107727
186613
111791
124786
191024
128947
137761
115406
165350
133635
172096
172741
133633
158009
180346
188552
180143
123133
111560
191682
178773
138491
143607
160048
139545
145951
110921
104159
129335
117724
144007
109003
121075
159669
194791
102485
168113
172814
108066
113193
100856
148812
107427
100459
149310
166089
159406
156770
119265
156564
143024
151800
189632
174440
101373
169235
143006
151742
185240
145073
118025
133601
186071
147626
189628
163092
151666
173963
163218
177860
120438
107328
115066
198366
190825
129960
131063
143147
110738
173456
186544
154151
184894
172771
174699
192206
119370
146635
158296
125555
159478
116370
187574
162993
195167
167255
162741
159801
110830
186217
114423
185443
193552
141404
136125
135696
136733
191265
183614
171412
138171
199859
141004
111783
158528
163874
148706
113300
172927
197421
143722
105031
115667
137662
118382
104068
119754
152072
103199
123569
167219
171262
132316
124521
159033
101101
160599
143489
136645
139003
155473
128105
163020
186884
187383
159619
175366
175790
104465
131293
118549
149440
186873
113408
142494
109391
169775
155889
123022
132056
115941
184661
188066
160045
104192
166909
167542
116482
152750
157427
103275
105216
176654
133924
141948
115617
142010
128783
150279
158762
128701
143963
147606
171906
105020
117778
184389
118908
182026
149641
131325
104709
120467
104588
123061
170811
140038
102975
182691
120474
192077
158884
123040
147037
128017
113332
172785
152949
171460
126877
167380
140992
105609
164259
103355
171977
137054
116160
155024
186414
182519
148634
134455
103108
126101
198565
184748
172065
110863
171137
175578
139035
146091
129805
166685
169817
120923
100569
143888
191687
144992
131440
147447
155149
182260
190332
199100
156208
101233
151083
133756
123877
147950
196277
137954
143443
124428
119931
120936
129452
128583
100720
142085
100322
151298
128344
194900
175804
197574
133537
151054
136485
172272
163337
141421
151079
101186
179306
120848
135769
199465
128540
170832
159779
137380
151701
191085
149814
191851
123241
145389
100992
179633
114436
163104
144272
189354
147125
103850
153915
195431
123295
158633
167696
100029
197270
151605
184612
154855
186875
142257
145121
199083
185166
129986
100043
129888
182306
162941
199597
137258
145086
183953
174332
188147
150061
156852
157835
100233
197148
161724
154061
175456
166932
140337
176169
169906
103135
159749
140109
100095
106473
194958
104976
180984
100267
101908
194466
184449
163060
114384
107047
184183
104252
116656
150345
139342
184301
179548
149967
140418
193769
184379
157707
125150
188196
169665
132151
144829
153816
130136
126752
122557
122832
199502
130785
150127
178976
193348
187880
148152
162386
173386
137172
182763
154677
169877
171203
150275
189991
136826
185605
123586
109781
199691
106325
122093
137251
179825
192788
130602
169757
149636
130632
132924
187632
184490
161351
104750
185870
100218
160365
190953
191668
101815
178031
120383
147207
174943
170473
118318
198461
181875
154838
116989
144531
103165
112775
123140
193176
108692
112875
199150
100559
157278
178394
112750
142753
104248
195131
170186
108526
166453
164404
189772
176461
194651
131918
107966
121659
185942
174886
162307
109352
174469
132140
187882
194798
113642
188393
184466
171715
138210
111573
177178
187342
161215
190393
134390
123420
165281
177630
142959
179812
100286
109791
132008
117471
165065
140528
149879
171247
104809
101481
107233
133806
150568
189797
126089
125137
190512
117951
129110
115854
110665
198471
170316
154879
187225
102430
115245
104258
197528
184546
156377
108312
131926
182495
109066
164678
100131
170410
129733
173114
138513
113218
166906
136729
104340
143372
136774
171417
164303
109252
132907
147330
148519
127104
169146
101815
139475
177128
130245
162634
125282
145621
173718
120262
145103
198921
101879
168072
180731
161411
125005
120101
188218
155996
177341
197446
131565
133587
150539
143853
165655
143828
139954
188275
151638
109047
159792
104822
113348
107251
125203
123002
140165
167098
147831
192892
139500
146643
191625
105418
141492
168701
190685
102892
184246
112805
159111
192523
149763
171700
170249
105888
126589
186391
196979
181454
105666
185443
168623
136055
139128
197057
154723
173479
136208
102002
179936
121120
108165
184448
157946
184922
141961
145121
102361
196953
153143
137061
104029
138833
149936
167269
155059
141648
137001
119315
196413
153773
170118
166376
187225
154056
178019
155569
166289
144435
113977
117205
166684
182243
132869
137990
184357
165314
113753
185327
163926
181468
184030
100025
128311
168605
181413
129790
186119
171859
141998
113075
136478
116893
105589
126162
151001
141788
197222
103889
106902
186391
178831
157925
182976
135937
170377
121786
105964
111945
182911
189744
127894
151674
155388
114944
169743
170093
138065
118620
172643
148229
169450
194429
102437
100902
180727
149791
176653
106706
186989
142569
168091
109864
178424
177535
102636
126104
117049
192373
198228
159627
123826
174173
188948
152253
185180
184803
161504
190644
156418
180908
103722
178602
131246
158673
116940
184401
155488
182073
155209
120586
145132
199257
124956
140342
121653
118030
173249
177853
112308
143639
153044
145692
120392
113015
124402
195276
105481
150183
115721
195923
188286
186009
150288
106080
138846
189489
178618
119751
160594
118234
170615
134975
137163
177641
114495
124569
149217
148605
130600
167149
111554
183651
178336
112779
127863
158030
158210
118230
134270
121664
178920
105304
166351
159285
132299
159122
148969
118875
101495
132163
139412
153498
117258
194073
173023
118069
108528
142750
198520
199833
146058
156875
119583
148572
184369
104634
107673
137508
178217
180816
131278
160388
185480
138929
139314
165310
168623
177878
145342
155372
175599
130341
147110
198436
127737
158055
166393
184263
139756
109794
149502
115460
119709
134436
175605
122044
185721
117779
174916
127665
151449
111460
140658
120679
100885
179024
168017
178328
154758
107712
149446
130650
197408
143147
124233
115717
109765
121146
120834
126313
138241
123409
197752
168422
131314
115818
140678
151043
163324
117270
179589
150843
102961
117676
103923
164139
189683
126431
197551
148712
190037
188064
129504
132043
160348
118852
118051
176561
110203
159888
112278
164574
196944
148602
189423
128039
113708
172235
189365
185066
138345
116974
115004
137487
128123
198602
127688
179731
139224
160094
126033
183334
123595
172122
136275
150177
193905
165708
108074
112461
197766
164116
140840
103436
104992
115014
153898
154359
128252
175883
150431
117447
137066
112484
110367
173063
173060
192016
103919
161745
191163
138320
137336
150108
133854
128944
140978
124822
112326
139246
134134
147999
164161
176903
187300
174228
176134
111567
132495
113108
144704
173329
151478
163341
109663
108585
146268
111111
161755
163212
177117
101888
161788
146328
121298
159445
126780
190731
169581
176047
174036
129075
142032
189006
141748
102431
153286
160163
125184
136138
196929
161492
159521
190811
117040
117834
186842
173995
140445
125268
182676
129867
163067
149114
162129
132245
186210
117832
155604
127854
147448
185402
141986
156447
139072
115629
131296
162471
121592
107231
155299
186105
185927
125616
166283
115625
142367
170977
129287
103463
172603
152784
150286
144312
193371
144168
166007
192918
126877
109502
116220
135453
104558
197329
188689
111526
119505
103073
151738
101411
186537
124370
152402
133213
169969
196571
143939
137451
182830
146504
189878
115233
188544
152141
155250
194664
135116
197674
163075
194903
149621
138378
135594
112089
191011
119845
181546
188597
136927
154757
196119
139294
119239
127876
116926
148232
100381
117072
174343
196800
100229
128556
110087
180372
119624
100987
146909
152416
142079
194024
176409
121831
139997
156834
151790
148158
188775
140312
142202
150123
115024
155342
100523
128073
150384
150584
195993
160668
135215
107017
194282
118043
123331
166275
194674
121065
128291
155222
192465
190023
172936
129129
146518
142902
178347
174287
199296
162404
176085
168767
159457
160069
174870
124219
181776
144886
128033
182013
129987
169039
104993
186240
117201
135061
199742
158365
198500
173722
162160
130725
119867
133553
147847
152179
177187
185894
108824
157620
149725
176097
151287
133589
184582
166447
147560
134213
143173
199111
184498
149787
193031
146277
125234
123425
185029
186695
111928
111456
143160
119981
175787
125574
100243
145360
148900
125903
112221
122691
147032
195882
136062
170412
132288
153890
117752
171404
101658
150753
187500
165529
115192
199388
189223
112372
137693
173589
108319
124421
167149
190491
173966
197367
114460
129743
100310
125712
133345
139222
117547
121656
121991
120481
152079
188615
113724
122619
113989
171343
105673
113624
185037
161174
123956
177630
104789
176398
136350
187871
107666
175310
117584
187800
155541
156540
121916
138695
155951
102544
153580
192039
138058
162435
133206
165843
143537
194711
147309
100608
198648
115073
159599
136975
118747
153524
105454
112791
173410
136829
124954
123911
189362
145474
131555
142236
104071
134191
164939
195539
166699
175028
166667
111445
117763
113634
175566
122601
127967
158112
134093
110078
129088
135742
189222
192592
115711
180609
169052
102017
151085
109124
165284
119122
177589
129668
102677
192584
130879
190969
161771
109346
129771
151770
133908
123619
148406
148153
119211
105113
177958
182852
184823
115298
102736
114876
194822
153619
156251
138962
126525
123462
165138
162922
144453
157574
109744
147545
133856
188094
110956
182982
191721
136998
196340
124746
180306
177318
101834
165603
144186
167557
161397
163938
124058
168233
124300
149986
116385
162713
134845
149057
136332
191917
164444
138309
144208
166848
107316
176333
113875
100861
114297
131117
194156
194976
191130
147825
118957
177990
134569
117504
151785
190647
194776
158967
162064
101199
138864
176220
133273
159757
131159
171142
153248
161899
146649
199804
172554
158030
180537
113457
170002
125500
151728
143325
153260
130280
169781
129081
177102
176475
131028
138395
128143
117341
197272
145684
197141
105476
176245
143008
127984
131096
143059
154117
169701
143154
177868
132257
148327
191325
175271
160926
197452
121111
147502
126285
138919
151450
105707
131783
131418
109782
199117
156798
128728
192764
142999
135907
164627
100965
102663
167077
181785
137529
185473
138905
182440
197610
173623
110105
152412
137524
180754
185776
101204
170102
140942
107031
169839
170987
106765
145690
199769
144461
111590
118202
131979
186261
125389
176937
100155
141961
167630
147361
188662
108193
179140
159922
135638
108596
143844
141308
177826
195602
179371
193894
129027
113340
155594
158626
151821
135967
166067
193639
194199
156973
167308
137324
125939
167271
106925
196179
172221
196686
109949
110450
169893
133392
197114
193010
190961
181019
171392
161242
127142
165456
167863
104167
165089
117695
189174
118638
130666
166762
125116
164187
175893
173990
153162
131689
140885
141816
133983
168367
101671
147665
169086
181140
185652
168921
124000
195635
116226
162584
167665
170801
164575
104825
166497
128742
189109
163141
172235
108243
178097
188287
165512
105459
171569
145762
134557
195902
180230
165425
152124
149144
147036
103025
159571
179476
196370
186722
118514
196168
193695
193538
102412
168082
199096
154315
199612
171068
107493
124419
142579
177744
169581
125740
190270
113383
182153
163627
109571
139890
134363
128097
115404
150801
110459
118520
123764
161549
145253
187021
132372
102386
144626
176067
114548
184558
185874
197429
106362
117254
146149
163489
188409
155811
122845
174379
179563
121296
112754
146187
197323
132743
177151
178623
161804
165597
178134
151610
157622
180576
130550
138062
125814
120472
192046
140192
133118
193513
111191
105712
127509
184723
157264
192316
193741
170874
139688
159593
127955
136079
138957
102468
148794
199066
189697
199629
125235
166002
114262
148950
106424
134263
139807
125786
186703
108086
137674
167937
163764
182652
141261
186049
110104
107042
118678
112599
175478
184834
184882
190929
125909
118540
123655
121543
141618
128081
189267
126747
130774
192417
114957
167115
179250
162240
199288
193245
144916
131478
105612
185654
133200
171750
195828
145302
194817
152907
192364
141752
180387
177097
124150
140400
181119
123333
123041
187883
110608
118263
184167
158622
118818
110927
137163
171347
167695
174146
106798
147863
107754
125433
167683
144000
179221
199228
157729
154158
122712
178352
126725
188711
135717
147515
146359
153676
168267
174556
185995
155917
139198
111404
182636
126652
147311
146990
166835
122272
134587
124481
177606
120671
146108
144500
133997
154954
109414
180150
161179
181891
165604
168883
165171
132256
191538
195456
122904
171303
164567
183486
103080
193139
188150
150881
108664
196349
142796
141031
196689
132231
132392
135456
119571
198230
100745
106053
142602
191216
113517
191405
144262
188116
113377
104104
190312
170315
146233
150379
135113
151854
124086
195532
157705
151100
121401
184467
132521
195227
135836
137648
112157
168382
183461
128947
149498
130148
149312
166940
131511
185484
152854
131687
157785
173162
139224
114963
179762
184045
160568
138348
150115
192417
105917
144834
108144
136859
177750
168470
176829
116277
173532
147374
155380
175869
179247
175879
104655
184429
154605
160164
121003
179293
118868
149628
199000
192399
137747
184543
111876
106438
104704
148475
134658
197487
187532
119740
162465
138626
120803
112639
152397
180841
190111
115233
111952
105479
176306
181916
193914
163344
110307
195333
129440
100404
117345
170822
173548
156288
145833
115745
199112
193207
156594
170391
111573
125056
112715
157893
188336
159506
113414
166028
163625
141966
107767
140162
189182
103635
137676
193520
116092
155830
190628
148531
196130
109371
119034
134254
180141
116710
146192
106176
192792
105057
113526
159189
124246
119720
103659
186895
192763
118413
193579
134408
149929
144278
131707
187474
192637
177183
181640
169912
118612
152312
199653
143282
102579
108063
174260
102201
106021
178461
177751
171626
113314
107238
173235
158568
128440
148577
115915
169461
199975
150780
100757
197679
162251
156219
198601
151851
177664
131560
141616
102958
135070
176279
187564
140479
105404
170244
156609
116182
145459
101458
180873
114301
140661
121953
121093
142691
171042
173138
159034
144059
161267
112178
169937
167832
151555
101974
181030
146359
109462
122409
124537
174461
136844
174793
136555
137034
119674
132755
153164
158196
191967
199733
124002
198517
169906
186455
157017
140297
135126
155909
180808
104525
172526
197557
141690
122891
106342
119731
188924
103430
189213
110249
106720
123050
176920
106412
177457
165867
185397
184059
123017
138286
119974
100837
152091
161534
188176
171419
197925
165099
144956
140733
111233
153552
141600
120012
101934
139287
133103
113664
130692
199942
143831
149733
168983
181718
193012
100951
121596
163493
108998
191150
154899
151066
132891
142521
184550
171688
145465
180156
134715
134922
121805
123824
158474
148479
199015
153168
181450
156907
104477
138169
132764
171733
153367
123075
194455
170241
131854
170373
168522
187224
149822
134432
156101
153805
185833
160166
120660
199078
135462
130245
193821
152947
178948
195769
178136
120006
191259
120503
182702
139844
119501
164689
159015
170828
158386
183166
197699
109816
148066
114309
139833
175092
111633
147490
185100
187373
167723
104668
162646
138848
132507
182371
121445
174231
144348
179817
192784
157597
144939
174448
178981
111351
187670
128677
167723
185133
175416
185272
195419
102667
162467
110844
151012
121153
190412
118729
141313
131457
110669
190763
152283
186591
157856
143853
107336
137129
143243
184783
126480
178568
190381
140102
164877
173617
135327
128482
187421
182955
179767
199966
111956
182451
109248
159979
176381
121662
131359
100291
183819
125618
138503
161327
146928
154175
122165
192389
153494
143817
121341
130593
141889
190632
158791
116850
112285
122365
145967
177394
185825
161929
131308
158357
151690
110702
178806
169832
177342
197877
167471
185674
105769
142952
100963
100862
140065
129054
193173
110701
151451
142937
174987
143603
161614
149173
158076
121323
123659
192397
147693
154016
175694
153964
114466
121890
194310
180146
109636
136226
175369
152333
115046
155616
176345
135666
124823
198937
189669
157929
176785
183231
129191
135266
125943
142887
186942
187704
196742
102516
152625
157482
146172
184945
150184
113454
109979
151805
128486
179073
106551
159918
119417
156947
135331
199117
127891
119370
167258
125947
124349
159139
131654
165730
115611
164461
124825
140428
128021
171578
134948
106606
183403
107120
183600
117886
106161
130101
105432
162890
125687
173018
170451
110595
151377
116867
163813
172244
199934
126825
114996
167571
120445
170794
178166
193486
125827
180442
169333
185722
188629
169551
123784
156907
144125
199945
176514
112297
173347
117444
192956
197789
113938
104367
100260
151331
188687
121059
114352
198744
100648
152581
140493
101195
156581
167376
186160
112608
128953
190114
192058
125718
160768
119710
174261
156136
149234
113543
166469
151432
140352
151516
198897
182489
133869
117207
153633
116078
